0 0.379882 0.753788 0.0468072 0.0315657
0 0.345474 0.773201 0.0120893 0.0160985
0 0.382827 0.771307 0.00619963 0.00410354
0 0.397241 0.781092 0.0120893 0.00789141
0 0.348264 0.810448 0.00650961 0.00410354
0 0.377092 0.816288 0.0294482 0.0157828
0 0.443273 0.656092 0.0353379 0.0394571
0 0.592839 0.657986 0.0350279 0.0198864
0 0.555487 0.654198 0.00619963 0.00410354
0 0.411655 0.657986 0.00619963 0.00410354
0 0.57548 0.665878 0.0120893 0.00410354
0 0.359888 0.697128 0.0409175 0.0274621
0 0.33106 0.740057 0.0179789 0.0123106
0 0.368413 0.738005 0.0120893 0.00820707
0 0.526658 0.472538 0.00619963 0.00820707
0 0.397241 0.490057 0.0350279 0.0356692
0 0.546807 0.484217 0.0235586 0.0157828
0 0.58137 0.494003 0.0238686 0.0353535
0 0.118103 0.369003 0.00619963 0.00441919
0 0.635927 0.503788 0.0294482 0.0239899
0 0.601519 0.511521 0.00650961 0.00789141
0 0.618723 0.515467 0.0179789 0.0157828
0 0.428859 0.544823 0.00526968 0.0113636
0 0.446063 0.558396 0.144451 0.0864899
0 0.382827 0.527146 0.00619963 0.00820707
0 0.592839 0.527146 0.0120893 0.00820707
0 0.607254 0.525253 0.00619963 0.00441919
0 0.451798 0.531092 0.00650961 0.00789141
0 0.664755 0.532986 0.00650961 0.00410354
0 0.564166 0.593592 0.0235586 0.00789141
0 0.423125 0.613005 0.00619963 0.00820707
0 0.541073 0.62279 0.0120893 0.0119949
0 0.526658 0.634628 0.0409175 0.0274621
0 0.635927 0.482323 0.00650961 0.0119949
0 0.610198 0.484217 0.0120893 0.00820707
0 0.431649 0.632576 0.0120893 0.00820707
0 0.423125 0.648359 0.0179789 0.0157828
3 0.385617 0.619003 0.0130192 0.0126263
3 0.212957 0.835859 0.0130192 0.00883838
2 0.256978 0.809448 0.0301798 0.0291288
0 0.240521 0.839946 0.0185183 0.0301136
0 0.0838949 0.353286 0.0133571 0.0250947
3 0.186888 0.263829 0.00235586 0.00113636
3 0.27267 0.441116 0.00723187 0.00482008
3 0.454253 0.584569 0.00529448 0.0035322
3 0.565668 0.633949 0.008416 0.00910354
1 0.382827 0.619003 0.00867948 0.00568182
0 0.532548 0.294665 0.0179789 0.0198864
0 0.50651 0.306503 0.0123993 0.0119949
0 0.365623 0.396307 0.0753255 0.0432449
0 0.437539 0.441288 0.115623 0.0549242
0 0.345474 0.439394 0.0350279 0.0277778
0 0.558277 0.447128 0.0235586 0.0274621
0 0.371358 0.443182 0.00619963 0.00441919
0 0.647551 0.443182 0.00619963 0.00441919
0 0.610043 0.458807 0.0353379 0.0198864
0 0.653286 0.468592 0.0294482 0.0394571
0 0.126782 0.357323 0.0123993 0.0119949
0 0.348264 0.460859 0.00650961 0.00820707
0 0.368413 0.468592 0.0238686 0.0236742
0 0.483571 0.480271 0.0353379 0.0394571
0 0.546652 0.46654 0.0120893 0.0119949
