0 0.546894 0.0819129 0.0124224 0.00852273
1 0.396894 0.298611 0.0347826 0.0429293
3 0.235559 0.671717 0.013354 0.0164141
3 0.247205 0.624842 0.0130435 0.00852273
3 0.673758 0.535038 0.013354 0.00883838
0 0.642081 0.335701 0.018323 0.0160985
0 0.463199 0.32197 0.00652174 0.00441919
0 0.422981 0.331913 0.0298137 0.0318813
0 0.448758 0.312342 0.0124224 0.00852273
0 0.454658 0.298611 0.0124224 0.00441919
0 0.673758 0.304451 0.0357143 0.0318813
0 0.304658 0.212753 0.0124224 0.020202
0 0.290373 0.202967 0.0068323 0.00820707
0 0.330745 0.208807 0.0180124 0.0280934
0 0.304658 0.195076 0.0124224 0.00820707
0 0.330745 0.181503 0.0068323 0.0119949
0 0.298913 0.173611 0.023913 0.020202
1 0.212422 0.712753 0.0118012 0.0119949
0 0.437267 0.456913 0.0124224 0.00852273
0 0.732938 0.631804 0.0543851 0.0454893
3 0.261491 0.462753 0.00745342 0.00505051
0 0.359472 0.466698 0.018323 0.0123106
0 0.359472 0.484217 0.018323 0.0164141
0 0.32205 0.50363 0.0242236 0.0160985
0 0.278882 0.531092 0.0068323 0.00852273
0 0.296118 0.548769 0.0295031 0.0123106
0 0.685248 0.622948 0.0357143 0.0198864
0 0.327795 0.638573 0.023913 0.0277778
0 0.379658 0.63447 0.0121118 0.00441919
0 0.696894 0.654198 0.0124224 0.0123106
0 0.281677 0.661932 0.0242236 0.020202
0 0.275932 0.450915 0.0127329 0.0123106
0 0.186491 0.677715 0.00652174 0.00441919
0 0.154969 0.695076 0.0124224 0.00820707
0 0.226863 0.763573 0.00652174 0.00441919
0 0.428727 0.433396 0.018323 0.0239899
0 0.40854 0.407986 0.023913 0.0123106
0 0.310559 0.396307 0.0124224 0.0123106
0 0.325 0.380682 0.00652174 0.00441919
0 0.319099 0.367109 0.0413043 0.0239899
0 0.644876 0.353378 0.0127329 0.0123106
0 0.668012 0.359217 0.047205 0.0397727
0 0.376863 0.343592 0.00652174 0.00852273
0 0.394099 0.34959 0.0180124 0.0356692
