0 0.575635 0.593592 0.0123993 0.00852273
0 0.794327 0.589646 0.0120893 0.00820707
0 0.676379 0.601326 0.0179789 0.0315657
0 0.653131 0.583807 0.0179789 0.0123106
0 0.702263 0.579861 0.0120893 0.0119949
0 0.630347 0.568182 0.00650961 0.00441919
0 0.74535 0.601484 0.0523869 0.0785985
0 0.74535 0.615057 0.00464972 0.00347222
0 0.684904 0.566288 0.0120893 0.00820707
0 0.615933 0.576073 0.0353379 0.0353535
0 0.733881 0.556503 0.00650961 0.00441919
0 0.739461 0.704861 0.0641662 0.0744949
0 0.129727 0.673611 0.00650961 0.00441919
0 0.705053 0.558396 0.00650961 0.00820707
0 0.727991 0.542929 0.00650961 0.00820707
0 0.699318 0.532986 0.0179789 0.0123106
0 0.641816 0.302557 0.00650961 0.00410354
0 0.751085 0.536932 0.0297582 0.0353535
0 0.702108 0.513573 0.0123993 0.0119949
0 0.621513 0.406092 0.0123993 0.00852273
0 0.460477 0.406092 0.0120893 0.0160985
0 0.627247 0.396307 0.0120893 0.00410354
3 0.710787 0.161932 0.00805952 0.00505051
3 0.74535 0.183396 0.0195288 0.00883838
3 0.607099 0.204861 0.00774954 0.00505051
3 0.538128 0.230271 0.0192188 0.00915404
0 0.592839 0.402146 0.0350279 0.0315657
3 0.618723 0.255682 0.00805952 0.00505051
3 0.635927 0.374842 0.00774954 0.00915404
3 0.647396 0.374842 0.00774954 0.00915404
3 0.802852 0.556503 0.00805952 0.00505051
0 0.515034 0.392361 0.00650961 0.0119949
0 0.604309 0.374842 0.0120893 0.0160985
0 0.575635 0.376736 0.0123993 0.0198864
0 0.610043 0.355271 0.0123993 0.0160985
0 0.592839 0.351326 0.0120893 0.0239899
0 0.702108 0.341698 0.0123993 0.0123106
0 0.538283 0.300505 0.00650961 0.00820707
0 0.635927 0.329861 0.132982 0.0744949
0 0.676224 0.341698 0.00464972 0.00347222
0 0.624458 0.325915 0.00464972 0.00347222
0 0.673435 0.322128 0.0220087 0.0192551
0 0.682114 0.310448 0.00464972 0.00347222
0 0.670645 0.294823 0.00650961 0.00441919
0 0.564166 0.306503 0.0123993 0.0277778
0 0.779758 0.267361 0.00650961 0.00441919
0 0.676224 0.275253 0.0294482 0.020202
0 0.552542 0.273359 0.0350279 0.0315657
0 0.676224 0.255682 0.00650961 0.00441919
0 0.526658 0.251894 0.00619963 0.00441919
0 0.771234 0.247948 0.0123993 0.0198864
0 0.641662 0.245896 0.0179789 0.0157828
0 0.791383 0.240057 0.0179789 0.0123106
0 0.687694 0.228378 0.00650961 0.00410354
0 0.610198 0.21654 0.0120893 0.00441919
0 0.664755 0.230271 0.0294482 0.0470328
0 0.765499 0.218592 0.0238686 0.0318813
0 0.627402 0.21654 0.0235586 0.0277778
0 0.705053 0.201073 0.00650961 0.00441919
3 0.181494 0.818182 0.00774954 0.00505051
0 0.572846 0.202967 0.0179789 0.00820707
0 0.722412 0.193182 0.00650961 0.00441919
0 0.612988 0.195076 0.00650961 0.00820707
0 0.566956 0.173611 0.00619963 0.00441919
1 0.722412 0.673611 0.0176689 0.0119949
1 0.641816 0.376736 0.0176689 0.0198864
1 0.765344 0.318182 0.0235586 0.0195707
1 0.601519 0.271465 0.0523869 0.0353535
1 0.538283 0.232323 0.0176689 0.0119949
1 0.742405 0.181345 0.0117793 0.00410354
1 0.736671 0.242109 0.0350279 0.0391414
0 0.345319 0.878788 0.0123993 0.00820707
0 0.348264 0.890467 0.00650961 0.00820707
0 0.388562 0.904198 0.00650961 0.00410354
0 0.302232 0.927557 0.00619963 0.00410354
0 0.305177 0.954861 0.0120893 0.00441919
0 0.328115 0.882576 0.0238686 0.0315657
0 0.705053 0.744003 0.00650961 0.00441919
0 0.67328 0.746054 0.0353379 0.0160985
0 0.633137 0.744003 0.0238686 0.0119949
0 0.653286 0.728378 0.0182889 0.0123106
0 0.682114 0.71654 0.00650961 0.00441919
0 0.132517 0.706913 0.0238686 0.0160985
1 0.733726 0.216698 0.00619963 0.00410354
0 0.734493 0.587926 0.0257316 0.0245202
0 0.551031 0.623709 0.0170955 0.0425758
0 0.624918 0.659075 0.00713887 0.00946338
0 0.285028 0.888573 0.00650961 0.00441919
0 0.624458 0.710859 0.0641662 0.0315657
0 0.630192 0.716698 0.0049597 0.00347222
0 0.618723 0.708807 0.0049597 0.00347222
0 0.100899 0.689236 0.00650961 0.00410354
0 0.109578 0.663826 0.0120893 0.00820707
0 0.75682 0.657986 0.00650961 0.00410354
0 0.100899 0.654198 0.00650961 0.00410354
0 0.785493 0.661932 0.0179789 0.0353535
0 0.106634 0.646307 0.00619963 0.00410354
0 0.566956 0.636679 0.00681959 0.00820707
0 0.141042 0.646307 0.0179789 0.0198864
0 0.621513 0.611111 0.0123993 0.0119949
0 0.774179 0.603378 0.00650961 0.00410354
0 0.592839 0.634628 0.0468072 0.0666035
0 0.656231 0.605271 0.0123993 0.0160985
