0 0.538449 0.481943 0.0125635 0.0116319
1 0.679588 0.848343 0.014098 0.0133586
1 0.431916 0.751419 0.00554867 0.00664457
1 0.49237 0.684042 0.00930254 0.00847538
3 0.66832 0.366951 0.00805952 0.00915404
1 0.397861 0.34959 0.0182889 0.0123106
0 0.822856 0.71806 0.0157502 0.00807765
0 0.639555 0.33554 0.0962213 0.151319
1 0.452573 0.359217 0.0123993 0.00820707
0 0.611513 0.423542 0.0146621 0.0180871
0 0.446569 0.43919 0.0580843 0.051108
0 0.497275 0.396914 0.0412771 0.0589173
0 0.448655 0.197405 0.0487787 0.0869949
1 0.674055 0.366951 0.0182889 0.0160985
1 0.357564 0.580019 0.0182889 0.0123106
0 0.345175 0.177019 0.0662585 0.072642
0 0.482528 0.288578 0.0672381 0.0744223
0 0.323972 0.361907 0.0852666 0.165038
