0 0.428727 0.468592 0.00652174 0.00852273
1 0.316304 0.607323 0.0121118 0.0119949
0 0.424969 0.386646 0.04 0.0637405
0 0.430039 0.493509 0.083177 0.0474527
0 0.439627 0.579755 0.0200248 0.0224337
0 0.443106 0.546757 0.0189814 0.0148138
0 0.529885 0.560022 0.0162733 0.0117172
0 0.504461 0.595683 0.00813354 0.0093024
0 0.609337 0.691551 0.00899068 0.00797664
0 0.62029 0.681832 0.00604658 0.00648043
0 0.470728 0.673191 0.00735714 0.0116288
0 0.44436 0.615999 0.0107888 0.00548295
0 0.39548 0.614255 0.0277919 0.0149558
3 0.368168 0.273359 0.013354 0.00883838
3 0.330745 0.347538 0.00745342 0.00883838
3 0.512267 0.357323 0.013354 0.00505051
3 0.696739 0.392519 0.013354 0.0129419
3 0.420031 0.421717 0.013354 0.00883838
3 0.420031 0.517519 0.013354 0.0129419
3 0.25 0.599432 0.00745342 0.0126263
3 0.388354 0.601326 0.00776398 0.00883838
3 0.316304 0.607323 0.013354 0.00505051
3 0.376863 0.613005 0.00776398 0.00883838
3 0.374068 0.660038 0.013354 0.00883838
3 0.203882 0.681503 0.00776398 0.00505051
3 0.656366 0.816288 0.013354 0.00883838
2 0.538199 0.824021 0.0291925 0.03125
1 0.837888 0.169665 0.0180124 0.0198864
1 0.371118 0.271307 0.00621118 0.00410354
1 0.492081 0.296717 0.0177019 0.0239899
1 0.699534 0.351326 0.00652174 0.00820707
1 0.518012 0.359217 0.0236025 0.0157828
1 0.696739 0.394255 0.0121118 0.00820707
1 0.422981 0.425663 0.0180124 0.0160985
1 0.359472 0.472538 0.0295031 0.0239899
1 0.25295 0.538826 0.023913 0.0315657
1 0.203882 0.536932 0.00652174 0.0119949
1 0.656366 0.554609 0.0121118 0.00820707
1 0.566925 0.605429 0.00652174 0.00820707
1 0.457453 0.615057 0.0180124 0.0198864
1 0.633385 0.640467 0.0121118 0.00820707
1 0.578571 0.656092 0.0409938 0.0236742
1 0.567081 0.683396 0.0409938 0.0239899
1 0.624845 0.724432 0.0180124 0.0119949
1 0.699534 0.824179 0.00652174 0.00820707
0 0.356677 0.345644 0.0357143 0.020202
0 0.336491 0.372948 0.018323 0.0280934
1 0.250155 0.599432 0.00652174 0.0119949
0 0.376863 0.392361 0.018323 0.020202
0 0.492236 0.411932 0.0068323 0.00441919
0 0.446118 0.445234 0.018323 0.0160985
0 0.572826 0.449021 0.018323 0.0160985
0 0.411491 0.451073 0.0068323 0.00441919
0 0.451863 0.482323 0.0298137 0.020202
0 0.604503 0.484217 0.0127329 0.00820707
0 0.382609 0.49779 0.0068323 0.00441919
0 0.56413 0.515467 0.0127329 0.00820707
0 0.336491 0.538826 0.00652174 0.00820707
0 0.575776 0.56029 0.0124224 0.00441919
0 0.601553 0.579861 0.0298137 0.020202
0 0.509472 0.646307 0.018323 0.0123106
0 0.468944 0.656092 0.0068323 0.00852273
0 0.506522 0.660038 0.0124224 0.00820707
0 0.518012 0.714646 0.0124224 0.00820707
