3 0.613199 0.259628 0.00714286 0.00473485
3 0.688199 0.322128 0.00745342 0.00473485
3 0.368168 0.490057 0.013354 0.0129419
3 0.904193 0.710859 0.013354 0.00883838
3 0.705435 0.775253 0.00776398 0.00505051
1 0.63913 0.165878 0.0236025 0.0356692
1 0.371118 0.492109 0.00621118 0.00820707
1 0.443012 0.845644 0.0121118 0.0119949
0 0.382609 0.238163 0.0180124 0.0160985
0 0.682298 0.240057 0.0298137 0.0198864
0 0.63618 0.255682 0.018323 0.020202
0 0.921584 0.445076 0.0127329 0.00820707
0 0.229814 0.499842 0.0124224 0.00852273
0 0.347981 0.531092 0.018323 0.0160985
0 0.212578 0.532986 0.0127329 0.0123106
