3 0.288593 0.521307 0.00805952 0.00536616
3 0.50713 0.669823 0.00805952 0.0132576
0 0.587725 0.113163 0.00805952 0.00915404
0 0.599034 0.160372 0.0333757 0.0166414
0 0.213909 0.628078 0.00804712 0.0139331
0 0.622153 0.116783 0.0112678 0.0102462
3 0.472722 0.230271 0.00805952 0.00915404
3 0.32889 0.587753 0.00805952 0.00505051
3 0.323128 0.703725 0.00628642 0.00768308
1 0.160381 0.70229 0.00553007 0.00513573
1 0.226035 0.746032 0.00804712 0.00785354
1 0.25633 0.704096 0.00544947 0.00569129
0 0.41137 0.276862 0.00419095 0.00498106
0 0.428824 0.265794 0.00638872 0.00477588
0 0.396886 0.266452 0.00477061 0.00378788
