0 0.351027 0.68529 0.00404732 0.00378788
0 0.24533 0.669665 0.00311333 0.00347222
0 0.254826 0.657828 0.00778331 0.0113636
0 0.219022 0.650253 0.0152553 0.010101
0 0.253269 0.645991 0.00280199 0.00347222
0 0.252802 0.632734 0.00373599 0.00662879
0 0.205791 0.609691 0.00435866 0.0072601
0 0.216999 0.610795 0.011208 0.0189394
0 0.274595 0.580019 0.00809465 0.00347222
0 0.249222 0.585859 0.0277086 0.0157828
0 0.388543 0.493687 0.00747198 0.00315657
0 0.376401 0.485638 0.00747198 0.00347222
0 0.360834 0.483902 0.00809465 0.00694444
0 0.392279 0.482008 0.0236613 0.0107323
0 0.372354 0.474432 0.00684932 0.00315657
0 0.342777 0.452967 0.00311333 0.00631313
0 0.315847 0.44697 0.00342466 0.00252525
0 0.464508 0.44113 0.00373599 0.00662879
0 0.417653 0.439236 0.00342466 0.00284091
0 0.590442 0.43529 0.00404732 0.00378788
0 0.405666 0.431503 0.00311333 0.00252525
0 0.480542 0.431345 0.012142 0.0104167
0 0.282534 0.407986 0.00778331 0.00347222
0 0.402086 0.400095 0.00280199 0.00284091
0 0.450654 0.392361 0.00902864 0.0119949
0 0.412204 0.382891 0.00747198 0.00694444
0 0.443182 0.386364 0.0551059 0.0782828
0 0.354919 0.345644 0.00311333 0.00252525
0 0.384184 0.343277 0.00747198 0.0230429
0 0.421856 0.31834 0.00311333 0.00284091
0 0.377958 0.306187 0.011208 0.0113636
0 0.289539 0.306503 0.0155666 0.0119949
0 0.435243 0.294823 0.0161893 0.0195707
0 0.343244 0.27904 0.00404732 0.00441919
0 0.411582 0.277146 0.00747198 0.00757576
0 0.354452 0.277146 0.0127646 0.00757576
3 0.264477 0.901989 0.00466999 0.0072601
3 0.525218 0.854956 0.00871731 0.00789141
3 0.423724 0.724432 0.00809465 0.00441919
3 0.407379 0.716698 0.00778331 0.0123106
3 0.441314 0.43529 0.00404732 0.00378788
3 0.337017 0.427872 0.0165006 0.011048
3 0.235212 0.405619 0.00840598 0.00757576
3 0.629359 0.198864 0.00466999 0.00757576
1 0.356787 0.334178 0.0329867 0.0382997
