0 0.530124 0.87863 0.0118012 0.00789141
0 0.796273 0.87863 0.0198758 0.0154672
0 0.54441 0.851484 0.00745342 0.00789141
0 0.547826 0.833649 0.00807453 0.00315657
0 0.772826 0.839173 0.0276398 0.0306187
0 0.653727 0.790878 0.00745342 0.00410354
0 0.669099 0.802399 0.0232919 0.0277778
0 0.573292 0.77904 0.00372671 0.00315657
0 0.667081 0.763889 0.00372671 0.00315657
0 0.827329 0.771149 0.0198758 0.0195707
0 0.710248 0.763415 0.00372671 0.00410354
0 0.768634 0.769413 0.0267081 0.0236742
0 0.721429 0.763573 0.0111801 0.0119949
0 0.698447 0.759154 0.00372671 0.00315657
0 0.690373 0.786932 0.0664596 0.0587121
0 0.639441 0.761679 0.0273292 0.022096
0 0.784472 0.753314 0.00434783 0.0072601
0 0.663509 0.751263 0.00341615 0.00315657
0 0.775 0.749842 0.00776398 0.00789141
0 0.674689 0.744003 0.00341615 0.00378788
0 0.684783 0.749527 0.00807453 0.0154672
0 0.688509 0.733744 0.00807453 0.0072601
0 0.710093 0.732165 0.0121118 0.0116793
0 0.776863 0.724116 0.00341615 0.00315657
0 0.768944 0.716383 0.0118012 0.00347222
0 0.755124 0.722222 0.00776398 0.0157828
0 0.800155 0.710543 0.0102484 0.00757576
0 0.739286 0.708649 0.00714286 0.00378788
0 0.796429 0.696812 0.00341615 0.00347222
0 0.332453 0.681345 0.00776398 0.00410354
0 0.821739 0.681187 0.00807453 0.0113636
0 0.778416 0.675347 0.00776398 0.0072601
0 0.707919 0.675347 0.00776398 0.0072601
0 0.702484 0.665878 0.00372671 0.00347222
0 0.804193 0.638258 0.00403727 0.00315657
0 0.355901 0.655777 0.0397516 0.0388258
0 0.778727 0.649937 0.0313665 0.0347222
0 0.561491 0.622948 0.00310559 0.00284091
0 0.749224 0.618845 0.0195652 0.0192551
0 0.841304 0.632576 0.0552795 0.0473485
0 0.582764 0.611269 0.0158385 0.0104167
0 0.737578 0.60322 0.00372671 0.00252525
0 0.723758 0.605114 0.00714286 0.00694444
0 0.847205 0.60101 0.00372671 0.00694444
0 0.54146 0.597538 0.00341615 0.00631313
0 0.516149 0.59154 0.015528 0.0119949
0 0.371118 0.595802 0.0229814 0.0268308
0 0.73913 0.589804 0.0236025 0.0224116
0 0.487267 0.580019 0.00310559 0.00347222
0 0.743634 0.57197 0.00714286 0.00378788
0 0.528106 0.575915 0.0232919 0.0192551
0 0.93913 0.565972 0.0161491 0.00694444
0 0.557609 0.579703 0.0121118 0.0350379
0 0.32236 0.562184 0.00310559 0.00694444
0 0.876087 0.561869 0.0161491 0.00694444
0 0.731832 0.559975 0.00776398 0.00315657
0 0.574845 0.558712 0.0068323 0.00694444
0 0.745342 0.556345 0.00310559 0.00284091
0 0.502174 0.568182 0.0192547 0.0334596
0 0.252484 0.552241 0.00372671 0.00347222
0 0.856832 0.587279 0.0391304 0.0748106
0 0.856832 0.575915 0.00807453 0.00347222
0 0.592702 0.550505 0.0121118 0.00694444
0 0.58059 0.547191 0.00341615 0.0072601
0 0.774379 0.552399 0.0152174 0.0195707
0 0.83354 0.550663 0.0161491 0.0236742
0 0.719876 0.548453 0.00807453 0.0198864
0 0.495031 0.538668 0.0118012 0.0072601
0 0.864907 0.53851 0.0068323 0.00757576
0 0.275776 0.550821 0.0428571 0.0385101
0 0.755124 0.53488 0.00776398 0.00789141
0 0.843323 0.52904 0.00279503 0.00252525
0 0.737733 0.536774 0.0201863 0.0192551
0 0.592702 0.530619 0.00403727 0.00694444
0 0.86646 0.526989 0.00372671 0.00789141
0 0.295497 0.524937 0.00403727 0.00378788
0 0.304969 0.523201 0.00807453 0.00789141
0 0.776398 0.515309 0.00310559 0.0072601
0 0.821894 0.517045 0.00652174 0.0113636
0 0.580901 0.519413 0.0201863 0.0160985
0 0.745497 0.509154 0.00279503 0.00315657
0 0.491149 0.505524 0.00341615 0.00347222
0 0.193478 0.525095 0.0354037 0.0426136
0 0.230435 0.509785 0.015528 0.0195707
0 0.512578 0.511521 0.0313665 0.0236742
0 0.844876 0.49779 0.00776398 0.0119949
0 0.518634 0.485795 0.00372671 0.00315657
0 0.549845 0.490057 0.0431677 0.0350379
0 0.577174 0.473958 0.0121118 0.011048
0 0.988043 0.462595 0.00341615 0.00284091
0 0.962422 0.458965 0.00807453 0.00378788
0 0.956677 0.460385 0.0195652 0.0230429
0 0.868944 0.443024 0.00745342 0.00284091
0 0.0565217 0.417771 0.00372671 0.00662879
0 0.820031 0.407986 0.00341615 0.00284091
0 0.0801242 0.40404 0.00372671 0.00315657
0 0.17795 0.398201 0.0118012 0.0154672
0 0.201242 0.390309 0.0186335 0.0160985
0 0.733696 0.360795 0.00279503 0.00315657
0 0.195186 0.355114 0.0152174 0.00757576
0 0.774689 0.360638 0.0158385 0.0205177
0 0.754969 0.425189 0.101863 0.179293
0 0.815528 0.327809 0.00372671 0.0072601
0 0.839286 0.314552 0.00279503 0.00284091
0 0.717857 0.318024 0.0201863 0.0274621
0 0.715683 0.292298 0.00776398 0.00694444
0 0.688509 0.296559 0.015528 0.0236742
2 0.136957 0.302872 0.117391 0.0577652
0 0.346273 0.275253 0.00372671 0.00378788
0 0.88028 0.275095 0.00776398 0.011048
0 0.698137 0.270991 0.0124224 0.011048
0 0.807764 0.282828 0.0826087 0.0511364
0 0.725776 0.251578 0.00372671 0.00315657
0 0.794565 0.245423 0.00714286 0.0072601
0 0.900155 0.242109 0.00776398 0.00757576
0 0.704658 0.241635 0.0068323 0.0072601
0 0.354037 0.243845 0.0118012 0.0192551
0 0.758851 0.233902 0.00776398 0.00694444
0 0.709938 0.234217 0.00372671 0.00757576
0 0.786491 0.228062 0.00776398 0.00347222
0 0.669099 0.229798 0.00776398 0.00757576
0 0.69441 0.224432 0.00372671 0.00252525
0 0.322981 0.208965 0.00372671 0.00315657
2 0.171584 0.224274 0.0388199 0.0356692
0 0.792391 0.204703 0.00341615 0.00284091
0 0.766615 0.212595 0.0232919 0.0198864
0 0.260093 0.193024 0.0114907 0.0123106
0 0.348137 0.206755 0.047205 0.0467172
0 0.878416 0.177399 0.00341615 0.00315657
0 0.305124 0.186711 0.0319876 0.0224116
0 0.70823 0.184975 0.0785714 0.042298
0 0.850932 0.181187 0.0354037 0.0587121
0 0.735404 0.158144 0.0242236 0.0195707
0 0.835559 0.142203 0.00403727 0.00347222
0 0.692547 0.150095 0.0397516 0.0274621
0 0.676708 0.116635 0.0161491 0.0230429
0 0.693944 0.108586 0.0114907 0.0151515
0 0.737733 0.0798611 0.00403727 0.00378788
1 0.55528 0.452336 0.0161491 0.0145202
1 0.168012 0.338857 0.00807453 0.00789141
1 0.197516 0.326073 0.00434783 0.00378788
1 0.179814 0.323864 0.0242236 0.0157828
1 0.299534 0.212753 0.00341615 0.00378788
1 0.29736 0.204861 0.00776398 0.00441919
1 0.404969 0.179135 0.0273292 0.0306187
1 0.442081 0.0588699 0.0158385 0.0148359
3 0.447981 0.889836 0.0114907 0.00694444
3 0.481056 0.817708 0.00807453 0.0116793
3 0.565217 0.765467 0.00434783 0.00694444
3 0.21118 0.741635 0.00807453 0.00852273
3 0.213199 0.732323 0.00465839 0.00441919
3 0.590994 0.573548 0.00807453 0.00757576
3 0.136335 0.470486 0.0167702 0.0116793
3 0.181832 0.324179 0.0121118 0.00757576
3 0.841304 0.22822 0.00807453 0.00378788
3 0.401087 0.200915 0.00403727 0.00347222
3 0.299224 0.206755 0.0121118 0.0157828
3 0.475466 0.173927 0.0118012 0.0107323
3 0.584938 0.16572 0.00403727 0.00378788
3 0.218789 0.128157 0.00838509 0.00757576
3 0.528416 0.0506629 0.00776398 0.00789141
1 0.255448 0.645814 0.066815 0.0561578
1 0.207907 0.592595 0.0411169 0.0293849
1 0.594342 0.936725 0.0584631 0.0476688
1 0.53106 0.930521 0.039832 0.0535458
1 0.698139 0.873192 0.0311478 0.0222469
1 0.553723 0.544133 0.0186005 0.015361
1 0.344234 0.599849 0.00955298 0.0442335
