0 0.662112 0.894413 0.0118012 0.0154672
0 0.399845 0.853378 0.00590062 0.00410354
0 0.336491 0.376894 0.00590062 0.00378788
0 0.613199 0.384628 0.0052795 0.00347222
0 0.561335 0.376894 0.0052795 0.00378788
0 0.558385 0.359217 0.0111801 0.00757576
0 0.370963 0.275253 0.00590062 0.00378788
0 0.601708 0.913984 0.00590062 0.00789141
0 0.55559 0.898359 0.0173913 0.0157828
0 0.78618 0.869003 0.00590062 0.00378788
0 0.454658 0.878788 0.0236025 0.0233586
0 0.247205 0.863163 0.0118012 0.00789141
0 0.267236 0.859217 0.0177019 0.00757576
0 0.693944 0.870896 0.0518634 0.0467172
0 0.382609 0.849432 0.0173913 0.0195707
0 0.218323 0.843592 0.0118012 0.00789141
0 0.667857 0.835701 0.0114907 0.00789141
0 0.420031 0.843592 0.0232919 0.0236742
0 0.656522 0.826073 0.0118012 0.00378788
0 0.272981 0.827967 0.0173913 0.00757576
0 0.682298 0.822128 0.0173913 0.0116793
0 0.276087 0.81613 0.0118012 0.00789141
0 0.63618 0.806503 0.0177019 0.0119949
0 0.679348 0.804609 0.0232919 0.0157828
0 0.365373 0.814236 0.0406832 0.0350379
0 0.247205 0.802557 0.0118012 0.0116793
0 0.402795 0.802557 0.0347826 0.0274621
0 0.224068 0.794665 0.0114907 0.0116793
0 0.70823 0.800505 0.0232919 0.0391414
0 0.509472 0.837753 0.0984472 0.136995
0 0.523913 0.880682 0.0111801 0.0113636
0 0.509472 0.845644 0.0052795 0.00378788
0 0.506522 0.824021 0.0111801 0.00789141
0 0.532453 0.818182 0.0052795 0.00378788
0 0.512267 0.790878 0.0108696 0.00410354
0 0.503727 0.785038 0.00559006 0.00757576
0 0.760248 0.785038 0.057764 0.0625
0 0.638975 0.736111 0.0232919 0.0195707
0 0.757298 0.730271 0.0406832 0.03125
0 0.716925 0.720486 0.0177019 0.0116793
0 0.255901 0.706913 0.0173913 0.00789141
0 0.653571 0.705019 0.028882 0.0116793
0 0.469099 0.687342 0.00590062 0.00789141
0 0.679503 0.689394 0.0347826 0.0195707
0 0.336335 0.732323 0.0751553 0.121212
0 0.330745 0.763573 0.00559006 0.00378788
0 0.267236 0.673611 0.00590062 0.00378788
0 0.682453 0.65988 0.00590062 0.00789141
0 0.665062 0.661932 0.0177019 0.0119949
0 0.270186 0.656092 0.0236025 0.0236742
0 0.688043 0.644413 0.00590062 0.00789141
0 0.734161 0.671717 0.0751553 0.0700758
0 0.716925 0.697128 0.0052795 0.00347222
0 0.342236 0.638573 0.00621118 0.00378788
0 0.402795 0.62863 0.0118012 0.00789141
0 0.740062 0.626736 0.0173913 0.0116793
0 0.722671 0.624842 0.00621118 0.00789141
0 0.685248 0.626736 0.0114907 0.0116793
0 0.342391 0.622948 0.00590062 0.00410354
0 0.607453 0.615057 0.00559006 0.00410354
0 0.394099 0.615057 0.00559006 0.00410354
0 0.373913 0.62279 0.0118012 0.0195707
0 0.627484 0.523359 0.0232919 0.0157828
0 0.644876 0.615057 0.0232919 0.0116793
0 0.255745 0.619003 0.0177019 0.0195707
0 0.618944 0.607323 0.00621118 0.00378788
0 0.578571 0.613163 0.0291925 0.0154672
0 0.633385 0.595486 0.0114907 0.00410354
0 0.267236 0.599432 0.0177019 0.0119949
0 0.650621 0.595486 0.0118012 0.0116793
0 0.647671 0.579861 0.00590062 0.00378788
0 0.581366 0.581913 0.0118012 0.00789141
0 0.385404 0.580019 0.0118012 0.0116793
0 0.347981 0.574021 0.00590062 0.00789141
0 0.140528 0.574021 0.00590062 0.00789141
0 0.627484 0.574021 0.0232919 0.0154672
0 0.549845 0.570234 0.00590062 0.00789141
0 0.463354 0.515467 0.00621118 0.00757576
0 0.273137 0.574021 0.028882 0.0154672
0 0.154969 0.570234 0.0118012 0.00789141
0 0.325 0.570234 0.028882 0.0154672
0 0.126087 0.564236 0.0118012 0.0116793
0 0.653571 0.558396 0.00590062 0.00757576
0 0.705435 0.587753 0.086646 0.0820707
0 0.558385 0.550663 0.0118012 0.00789141
0 0.538199 0.552557 0.0173913 0.0116793
0 0.659317 0.540878 0.0173913 0.0116793
0 0.284627 0.536932 0.00590062 0.00378788
0 0.748602 0.552557 0.0462733 0.0508207
0 0.47205 0.601484 0.138509 0.15625
0 0.474845 0.538984 0.00559006 0.00789141
0 0.290373 0.527304 0.00621118 0.00789141
0 0.278727 0.458807 0.00590062 0.00410354
0 0.137578 0.525253 0.0347826 0.0353535
0 0.100155 0.513573 0.0177019 0.0195707
0 0.512267 0.50363 0.0114907 0.00789141
0 0.275932 0.50363 0.0114907 0.00789141
0 0.676553 0.490057 0.00590062 0.00410354
0 0.693944 0.486111 0.00590062 0.00378788
0 0.186491 0.486111 0.00590062 0.00378788
0 0.682453 0.480271 0.00590062 0.00789141
0 0.140528 0.482165 0.00590062 0.0116793
0 0.645031 0.478378 0.0118012 0.0116793
0 0.437422 0.468592 0.0114907 0.00789141
0 0.33059 0.466698 0.00590062 0.00410354
0 0.267391 0.476326 0.0291925 0.0233586
0 0.272981 0.474432 0.00559006 0.00378788
0 0.32205 0.507576 0.0807453 0.101641
0 0.301863 0.456913 0.0291925 0.0154672
0 0.696894 0.455019 0.0118012 0.0274621
0 0.477795 0.456755 0.0462733 0.0391414
0 0.32795 0.441288 0.0118012 0.0157828
0 0.431522 0.437342 0.0232919 0.0154672
0 0.267236 0.431503 0.00590062 0.00378788
0 0.71118 0.427557 0.00559006 0.00410354
0 0.40559 0.433396 0.0403727 0.0391414
0 0.287578 0.413984 0.0118012 0.00789141
0 0.422981 0.402304 0.00621118 0.00789141
0 0.40854 0.376736 0.0232919 0.0274621
0 0.226863 0.369003 0.00590062 0.0119949
0 0.443012 0.325915 0.0232919 0.0116793
0 0.247205 0.31613 0.0118012 0.00789141
0 0.270186 0.308554 0.0118012 0.00789141
0 0.373913 0.300663 0.0118012 0.00789141
0 0.290373 0.300663 0.00621118 0.00789141
0 0.457609 0.286932 0.00590062 0.00378788
0 0.526708 0.28488 0.0173913 0.00789141
0 0.290373 0.282986 0.00621118 0.0116793
0 0.55559 0.380682 0.178882 0.214646
0 0.584317 0.456913 0.0170807 0.00789141
0 0.572826 0.427557 0.0170807 0.0192551
0 0.561335 0.419823 0.0052795 0.00378788
0 0.587267 0.413984 0.0459627 0.0546086
0 0.55854 0.273201 0.0232919 0.03125
0 0.304814 0.351484 0.184783 0.195391
0 0.255745 0.396307 0.0052795 0.00347222
0 0.336491 0.345644 0.0052795 0.00378788
0 0.365373 0.32197 0.0052795 0.00378788
0 0.33354 0.306345 0.0229814 0.0116793
0 0.350932 0.290878 0.0111801 0.0192551
0 0.613199 0.255682 0.0177019 0.0119949
0 0.394099 0.263415 0.0291925 0.0274621
0 0.469099 0.259628 0.0177019 0.0274621
0 0.739907 0.244003 0.00590062 0.00378788
0 0.613199 0.232323 0.00590062 0.00378788
0 0.575776 0.240215 0.0347826 0.0195707
0 0.786025 0.224432 0.0173913 0.0119949
0 0.740062 0.214646 0.0173913 0.0157828
0 0.446118 0.230271 0.0636646 0.0546086
0 0.812112 0.189236 0.0118012 0.0116793
0 0.388199 0.206913 0.0751553 0.0546086
0 0.373913 0.212753 0.0229814 0.0195707
0 0.385404 0.202967 0.0111801 0.0157828
0 0.368323 0.197128 0.0111801 0.0116793
0 0.411491 0.189394 0.00559006 0.00378788
0 0.336491 0.183396 0.0177019 0.0157828
0 0.431522 0.169823 0.0232919 0.0271465
0 0.708385 0.179451 0.0925466 0.0470328
0 0.624689 0.171717 0.0636646 0.0391414
0 0.474845 0.161932 0.0291925 0.0271465
0 0.575776 0.140467 0.0118012 0.00757576
0 0.581366 0.12863 0.0118012 0.00789141
0 0.371118 0.12863 0.00621118 0.00789141
0 0.610248 0.132576 0.0347826 0.0233586
0 0.506522 0.126736 0.0347826 0.0116793
0 0.394099 0.134628 0.0291925 0.0274621
0 0.394099 0.138573 0.00559006 0.00378788
0 0.555435 0.115215 0.028882 0.0195707
1 0.241304 0.847538 0.0236025 0.0157828
1 0.405745 0.829861 0.0295031 0.0277778
1 0.665217 0.790878 0.00621118 0.00410354
1 0.676708 0.782986 0.00621118 0.00410354
1 0.56413 0.767361 0.0468944 0.0277778
1 0.394099 0.742109 0.0180124 0.0157828
1 0.40559 0.722538 0.00621118 0.00820707
1 0.546894 0.726326 0.0236025 0.0315657
1 0.587267 0.689394 0.0354037 0.0353535
1 0.287422 0.638573 0.0121118 0.0119949
1 0.342236 0.607323 0.0291925 0.0119949
1 0.740062 0.450915 0.00621118 0.00410354
1 0.878261 0.435448 0.00621118 0.00410354
1 0.722826 0.359217 0.0295031 0.0239899
1 0.840839 0.333965 0.0121118 0.0119949
1 0.598913 0.337753 0.0121118 0.0195707
1 0.806366 0.314394 0.0121118 0.0119949
1 0.460404 0.310448 0.0121118 0.00410354
1 0.688199 0.304609 0.00621118 0.00820707
1 0.630435 0.318182 0.0409938 0.0353535
1 0.601708 0.285038 0.0177019 0.00820707
1 0.492081 0.263573 0.00652174 0.0119949
1 0.601708 0.189394 0.0177019 0.0119949
3 0.394099 0.740057 0.00807453 0.00536616
3 0.40559 0.720486 0.00807453 0.00536616
3 0.843789 0.697128 0.00807453 0.00536616
3 0.647826 0.509628 0.00807453 0.00536616
3 0.86118 0.341698 0.00807453 0.00536616
3 0.86118 0.333807 0.00807453 0.00536616
3 0.624689 0.320234 0.00838509 0.00915404
3 0.688199 0.306503 0.00807453 0.0132576
3 0.353727 0.251736 0.00807453 0.00536616
3 0.512267 0.247948 0.0139752 0.00536616
2 0.870522 0.291937 0.0522298 0.036714
0 0.89553 0.39392 0.0951708 0.135177
