3 0.498913 0.700915 0.00403727 0.00410354
3 0.364907 0.648201 0.0118012 0.00789141
3 0.248137 0.485953 0.010559 0.0104167
3 0.651398 0.443182 0.00403727 0.00378788
3 0.835404 0.161932 0.00434783 0.00378788
0 0.489601 0.513384 0.0155357 0.0251899
0 0.392318 0.358298 0.0421682 0.0308294
0 0.438555 0.464509 0.0221938 0.0169186
0 0.446878 0.444018 0.0166453 0.0142868
0 0.426163 0.440071 0.014426 0.0139108
0 0.396942 0.412813 0.0151658 0.00751936
0 0.340347 0.331604 0.010727 0.0082713
0 0.332395 0.300399 0.0207142 0.0150387
0 0.316859 0.320137 0.0103571 0.00639146
1 0.670594 0.143808 0.0277422 0.023686
2 0.213368 0.733642 0.046899 0.0881546
