0 0.823931 0.65404 0.016119 0.0119949
0 0.810756 0.570076 0.0108493 0.00757576
0 0.815716 0.558396 0.00712957 0.00757576
0 0.810446 0.546717 0.00402976 0.00757576
0 0.822226 0.546402 0.0120893 0.0151515
0 0.82796 0.539141 0.0154991 0.0239899
0 0.808431 0.511364 0.00743955 0.00631313
0 0.49225 0.507576 0.00805952 0.00694444
0 0.478456 0.503788 0.0114693 0.00820707
0 0.806107 0.496054 0.0034098 0.00662879
0 0.49194 0.495581 0.00805952 0.00694444
0 0.439399 0.493845 0.00402976 0.00347222
0 0.486361 0.486427 0.00371978 0.00378788
0 0.804247 0.484533 0.00712957 0.00694444
0 0.818506 0.482008 0.0034098 0.00252525
0 0.825945 0.478535 0.00402976 0.00315657
0 0.763639 0.465751 0.00402976 0.00410354
0 0.804402 0.460543 0.00805952 0.0151515
0 0.535028 0.452967 0.00743955 0.00694444
0 0.571761 0.441288 0.0034098 0.00631313
0 0.780998 0.456913 0.0313081 0.0388258
0 0.74783 0.443024 0.0356479 0.0356692
0 0.83385 0.419665 0.00371978 0.00347222
0 0.794482 0.421244 0.0111593 0.00789141
0 0.800372 0.414299 0.00681959 0.0072601
0 0.738066 0.419508 0.0471172 0.0271465
0 0.711252 0.392045 0.00712957 0.0113636
0 0.805952 0.386521 0.00309981 0.00662879
0 0.554867 0.384312 0.0148791 0.0186237
0 0.739926 0.380997 0.034098 0.0340909
0 0.787198 0.350852 0.0034098 0.0072601
0 0.798667 0.345013 0.0195288 0.0189394
0 0.571761 0.318024 0.0114693 0.0116793
0 0.843924 0.317866 0.0151891 0.0189394
0 0.560291 0.305871 0.0034098 0.00315657
0 0.74814 0.316288 0.0424675 0.0391414
0 0.689399 0.275095 0.00371978 0.00347222
0 0.685524 0.259312 0.0034098 0.00347222
0 0.747985 0.266888 0.0433974 0.051452
0 0.620738 0.241793 0.0151891 0.00694444
0 0.586175 0.243845 0.0229386 0.0116793
0 0.482641 0.22822 0.00309981 0.00315657
0 0.525263 0.269255 0.0821451 0.0858586
0 0.656231 0.243687 0.0396776 0.0498737
0 0.624768 0.226326 0.0232486 0.0157828
0 0.502015 0.21654 0.0034098 0.00252525
0 0.593459 0.218434 0.0158091 0.0239899
0 0.487911 0.198706 0.0303782 0.0230429
0 0.574086 0.167614 0.00805952 0.00757576
0 0.367328 0.148359 0.00743955 0.00757576
0 0.552542 0.152304 0.0195288 0.03125
1 0.641816 0.599274 0.0189089 0.0116793
1 0.183354 0.454861 0.0393676 0.0347222
1 0.853534 0.433239 0.0195288 0.0148359
1 0.821916 0.409722 0.0120893 0.00694444
1 0.691104 0.400253 0.0158091 0.0119949
1 0.103069 0.394255 0.0201488 0.0157828
1 0.681494 0.376736 0.0275883 0.0274621
1 0.769219 0.366793 0.0313081 0.0391414
1 0.821916 0.34738 0.0034098 0.0072601
1 0.798512 0.320076 0.0198388 0.0157828
1 0.798512 0.255682 0.0198388 0.0119949
1 0.536888 0.204703 0.0508369 0.0508207
3 0.437229 0.868845 0.0083695 0.0116793
3 0.283013 0.835701 0.00433974 0.0072601
3 0.201023 0.767361 0.00402976 0.00378788
3 0.365158 0.724432 0.00433974 0.00378788
3 0.820211 0.69697 0.00805952 0.00441919
3 0.24969 0.667298 0.016429 0.0151515
3 0.562461 0.628472 0.00774954 0.00757576
3 0.34129 0.62642 0.0105394 0.0104167
3 0.528983 0.605429 0.00402976 0.00694444
3 0.314011 0.605271 0.0117793 0.0160985
3 0.240236 0.59154 0.00371978 0.00315657
3 0.247675 0.577809 0.00371978 0.0072601
3 0.429789 0.550821 0.00774954 0.00757576
3 0.870738 0.523201 0.00805952 0.00789141
3 0.782858 0.519255 0.00402976 0.00694444
3 0.151581 0.511679 0.00867948 0.00757576
3 0.834005 0.505524 0.0034098 0.00284091
3 0.478611 0.489899 0.00371978 0.00315657
3 0.708927 0.486111 0.00371978 0.00315657
3 0.790918 0.490057 0.0102294 0.0116793
3 0.50558 0.476484 0.00371978 0.00662879
3 0.658091 0.474432 0.00371978 0.00315657
3 0.884687 0.450915 0.00371978 0.00347222
3 0.777123 0.437027 0.00805952 0.00789141
3 0.808431 0.433081 0.00805952 0.00694444
3 0.781308 0.421717 0.00774954 0.00757576
3 0.439089 0.386679 0.0034098 0.00631313
3 0.589275 0.386837 0.00805952 0.0072601
3 0.847489 0.37642 0.00805952 0.011048
3 0.521389 0.364899 0.00371978 0.00315657
3 0.818351 0.363005 0.0117793 0.00757576
3 0.459082 0.353378 0.00371978 0.00284091
3 0.82796 0.345486 0.016119 0.0116793
3 0.599504 0.333807 0.00371978 0.00410354
3 0.433664 0.326073 0.00743955 0.00378788
3 0.687539 0.181503 0.00743955 0.00441919
3 0.626937 0.169665 0.00402976 0.00347222
3 0.689554 0.169665 0.00402976 0.00410354
3 0.50775 0.0486111 0.00805952 0.00441919
1 0.124125 0.571754 0.0257215 0.0241246
3 0.238493 0.576073 0.00371978 0.00505051
1 0.913285 0.553258 0.0311366 0.0248139
1 0.0533058 0.445153 0.0113436 0.0115513
1 0.0807193 0.395604 0.0184499 0.0148883
