0 0.278882 0.411932 0.00745342 0.00505051
0 0.221273 0.388415 0.00714286 0.00473485
0 0.529503 0.386521 0.0130435 0.0167298
0 0.368323 0.378788 0.0130435 0.00883838
0 0.301863 0.374842 0.0186335 0.0167298
0 0.310559 0.359217 0.0130435 0.00883838
0 0.284627 0.361111 0.0189441 0.0126263
0 0.376863 0.351484 0.00714286 0.00852273
0 0.55559 0.351326 0.00745342 0.00883838
0 0.546894 0.335859 0.0130435 0.00883838
3 0.371118 0.402146 0.00745342 0.00883838
0 0.47764 0.507576 0.0130435 0.00883838
0 0.376863 0.458807 0.00714286 0.00473485
0 0.558157 0.274634 0.112202 0.147809
0 0.350101 0.350664 0.0820776 0.0505398
0 0.457896 0.393133 0.019618 0.0250915
0 0.417991 0.417724 0.0634286 0.0265846
0 0.532343 0.573936 0.0796615 0.113699
0 0.362422 0.451073 0.0130435 0.0126263
3 0.123137 0.423611 0.0189441 0.0126263
0 0.47764 0.538826 0.0130435 0.00883838
3 0.272981 0.138573 0.00745342 0.0126263
3 0.25 0.18529 0.00745342 0.00505051
3 0.754503 0.193182 0.013354 0.0126263
3 0.771739 0.421717 0.0130435 0.00883838
1 0.754503 0.193182 0.0114907 0.0113636
0 0.388354 0.445234 0.00714286 0.00852273
1 0.693944 0.413826 0.00590062 0.00757576
1 0.264441 0.447128 0.0114907 0.0116793
1 0.24146 0.495896 0.0114907 0.0157828
1 0.272981 0.499842 0.0173913 0.0230429
1 0.368168 0.499842 0.0114907 0.00789141
1 0.846739 0.814394 0.092236 0.0662879
0 0.590217 0.244003 0.00714286 0.00505051
0 0.581366 0.300663 0.0130435 0.00852273
0 0.365373 0.435448 0.00714286 0.00473485
0 0.376863 0.429609 0.0189441 0.0164141
0 0.287578 0.425663 0.0130435 0.00852273
0 0.443168 0.410038 0.0130435 0.00883838
