0 0.189596 0.599432 0.0127329 0.0126263
0 0.17205 0.59154 0.0242236 0.020202
0 0.192236 0.56029 0.0068323 0.00441919
0 0.2292 0.410862 0.0592453 0.0307071
0 0.485727 0.557282 0.0307888 0.0289394
0 0.206677 0.22238 0.0127329 0.00852273
0 0.420078 0.441368 0.0404037 0.0703819
0 0.45682 0.229669 0.0428447 0.050726
0 0.376326 0.265683 0.0689255 0.055988
1 0.615994 0.765467 0.0121118 0.0157828
0 0.445963 0.294823 0.0068323 0.00441919
0 0.365217 0.294823 0.0068323 0.00441919
0 0.434472 0.267361 0.0068323 0.00441919
0 0.477795 0.226484 0.0127329 0.00852273
1 0.728416 0.798611 0.0177019 0.0119949
1 0.224068 0.451073 0.0350932 0.0353535
1 0.342236 0.402146 0.0180124 0.0157828
1 0.32205 0.390467 0.0118012 0.0157828
1 0.621894 0.21654 0.0121118 0.0119949
1 0.685248 0.161932 0.0121118 0.0119949
1 0.238509 0.609217 0.00621118 0.00820707
1 0.809161 0.595486 0.0177019 0.0198864
1 0.422981 0.519413 0.0180124 0.0160985
1 0.307609 0.491951 0.0524845 0.0470328
1 0.172205 0.158144 0.0121118 0.0119949
3 0.734317 0.839646 0.00776398 0.00883838
3 0.561335 0.839646 0.00776398 0.00883838
3 0.238509 0.607323 0.00745342 0.00505051
3 0.281677 0.456913 0.0136646 0.00915404
3 0.186491 0.452967 0.00776398 0.00883838
3 0.163509 0.396465 0.00776398 0.00505051
3 0.345186 0.398201 0.013354 0.00915404
0 0.391304 0.304451 0.0242236 0.0160985
3 0.32205 0.392519 0.0136646 0.0129419
0 0.486335 0.536932 0.0186335 0.0126263
0 0.466304 0.531092 0.0127329 0.0160985
3 0.659317 0.142361 0.00745342 0.00505051
0 0.192391 0.525253 0.00714286 0.00441919
0 0.489286 0.517519 0.0127329 0.0123106
0 0.466304 0.513415 0.0127329 0.0123106
0 0.402795 0.507734 0.0124224 0.00852273
0 0.146273 0.488163 0.0186335 0.0160985
0 0.402795 0.470644 0.0124224 0.020202
0 0.394099 0.456913 0.0068323 0.00852273
0 0.460404 0.427557 0.0127329 0.0123106
0 0.215528 0.507734 0.0068323 0.00852273
0 0.25854 0.156092 0.0127329 0.00852273
0 0.296118 0.150253 0.00714286 0.00441919
1 0.630435 0.839646 0.00621118 0.00820707
1 0.281832 0.456913 0.0121118 0.00789141
0 0.394099 0.706913 0.052795 0.0243056
0 0.374068 0.636521 0.0127329 0.0160985
0 0.486581 0.408264 0.0193043 0.00789773
0 0.46928 0.406111 0.00635404 0.00741793
0 0.45127 0.405153 0.0183602 0.016512
0 0.439736 0.420587 0.0188323 0.0119634
0 0.422457 0.468797 0.0228882 0.0119066
0 0.420326 0.412719 0.00658385 0.00692235
0 0.422517 0.42863 0.0052205 0.00369318
0 0.408689 0.405795 0.0257702 0.0216919
0 0.427087 0.489443 0.0322857 0.0210448
0 0.44868 0.48979 0.0087205 0.00512311
0 0.383085 0.510649 0.0127981 0.00970644
